132
142
157
161
163
155
155
157
153
157
167
165
175
171
167
147
118
 96
 96
100
104
108
108
106
108
110
106
110
118
122
122
129
126
129
131
135
131
126
129
131
133
133
133
135
131
133
133
135
131
135
137
133
135
131
131
126
131
129
135
131
131
133
135
131
129
141
129
133
133
126
129
126
131
131
126
129
131
124
122
114
104
112
131
143
151
159
161
149
151
157
155
157
153
151
153
151
153
157
157
159
155
155
197
211
217
215
171
104
110
116
118
120
124
122
118
122
120
124
126
126
124
122
129
120
126
120
114
165
163
159
145
138
134
133
134
137
144
151
158
160
156
150
136
114
 94
 91
 96
102
107
110
108
108
107
108
112
114
118
118
118
118
122
130
146
145
141
143
142
144
144
144
141
140
138
137
136
135
137
136
135
135
135
135
132
133
131
135
130
132
134
134
132
131
135
130
129
131
129
129
127
127
127
129
128
126
122
121
116
108
109
122
132
137
142
139
138
139
137
135
136
137
133
137
141
140
143
140
141
142
135
164
191
188
187
163
107
 97
104
105
107
107
110
115
129
131
133
134
133
128
120
130
137
138
131
115
122
 63
153
138
136
134
135
138
140
145
153
157
156
153
146
131
114
 95
 90
 94
101
105
107
106
104
106
107
111
115
116
119
119
117
119
125
142
144
144
143
142
142
141
140
140
141
137
137
137
138
136
132
133
132
133
132
131
130
132
132
130
131
132
132
132
131
133
131
130
129
126
128
127
128
126
126
127
125
123
120
115
110
106
112
125
132
134
136
135
143
144
140
137
140
137
134
140
132
139
143
144
139
132
147
176
185
185
181
136
 98
 99
102
105
106
108
121
129
132
133
133
131
128
122
129
139
140
139
114
 70
 67
157
135
136
137
138
141
146
150
155
155
151
149
142
128
113
 95
 89
 93
101
105
105
105
103
104
105
111
114
117
117
118
119
118
120
140
144
145
145
143
143
142
142
140
141
140
137
137
136
134
133
132
132
133
132
132
132
131
132
131
133
134
134
132
131
131
131
131
129
128
128
129
129
126
128
128
128
123
121
116
109
109
102
116
125
131
137
136
137
142
146
140
141
139
134
141
138
137
143
140
138
130
136
157
178
187
188
167
110
 97
100
106
105
110
116
128
132
131
133
132
126
124
127
137
144
129
 76
 50
 71
153
137
137
137
140
143
148
153
153
150
147
145
142
131
114
 92
 87
 94
 99
101
102
104
105
105
104
109
112
116
119
119
120
119
120
134
145
144
145
145
142
143
142
140
142
140
138
135
137
135
136
134
133
135
135
132
130
131
133
131
132
134
136
133
132
133
132
131
128
131
129
127
128
128
129
127
129
125
122
114
111
104
 98
102
119
126
135
139
144
147
148
149
146
145
138
141
141
133
141
141
136
130
136
138
168
184
187
183
150
 99
 95
102
105
108
120
130
132
132
134
132
129
125
127
137
126
 80
 56
 52
 67
155
137
139
139
141
145
149
154
149
146
144
145
144
135
116
 91
 89
 93
 97
100
102
108
108
104
104
109
109
113
117
121
120
120
120
129
144
146
144
144
143
142
142
139
140
138
137
135
135
134
134
132
131
132
131
130
131
132
130
130
132
133
135
137
132
132
130
131
130
129
126
127
125
126
127
125
126
121
118
114
104
 98
 93
 96
112
129
133
139
144
149
154
147
142
146
138
137
139
133
136
142
135
132
136
130
150
179
185
186
173
115
 97
 99
102
110
120
132
133
134
135
135
132
128
130
119
 82
 66
 62
 53
 78
159
142
140
141
144
146
151
153
148
145
143
146
147
134
113
 91
 85
 89
 94
101
113
120
115
103
101
106
108
112
116
119
120
121
119
125
143
146
143
144
143
142
142
139
141
137
136
134
134
136
135
131
130
127
128
129
128
130
128
130
131
132
131
133
132
130
132
131
129
127
128
125
125
126
124
122
124
117
109
111
104
101
 97
 99
110
124
133
138
141
145
150
147
141
141
141
135
138
135
134
139
136
133
138
130
131
165
181
187
186
157
101
 96
101
114
120
131
132
131
132
133
133
130
111
 80
 77
 68
 61
 56
 93
155
140
140
144
145
151
155
151
148
143
143
150
148
131
107
 88
 80
 90
100
112
122
124
117
102
100
102
106
112
114
117
119
122
122
120
137
142
142
142
142
142
143
140
139
135
134
134
135
137
135
131
129
125
125
124
130
127
128
126
129
129
130
130
131
131
134
128
128
129
128
127
127
125
123
117
112
111
119
115
111
103
 96
 98
108
123
130
135
140
145
149
145
142
142
141
139
140
136
133
138
137
135
135
128
125
145
177
184
188
180
129
 96
103
115
119
130
132
130
132
134
136
112
 64
 61
 70
 69
 66
 60
 94
157
139
144
146
150
155
154
151
147
143
147
149
143
128
109
 86
 81
 97
114
121
121
123
115
101
 95
 97
104
110
115
119
120
122
124
120
130
143
144
144
143
144
142
142
141
139
139
135
136
136
133
131
129
124
123
124
126
126
126
125
124
126
129
131
129
132
131
130
129
129
128
127
127
126
118
110
117
123
121
115
106
100
 95
 98
112
120
129
133
140
151
146
144
142
140
138
138
137
137
134
136
137
136
133
130
126
127
161
181
187
188
166
107
 99
114
118
129
133
134
135
137
117
 68
 52
 65
 74
 74
 67
 58
 98
157
144
146
149
155
154
150
149
146
145
148
145
141
129
108
 85
 86
108
121
120
112
120
118
 98
 92
 95
102
107
114
113
120
119
121
118
130
140
140
140
142
143
140
138
140
140
142
137
136
135
133
130
129
125
124
127
126
127
122
123
123
126
130
130
131
131
132
130
129
129
128
126
126
117
111
118
125
123
118
112
107
101
 95
 96
107
118
125
131
144
146
148
151
145
138
135
140
134
134
134
134
137
136
133
132
129
126
139
174
186
191
185
144
 98
109
114
129
132
135
139
121
 72
 56
 50
 63
 75
 76
 70
 56
 89
163
141
145
153
154
149
146
146
147
148
146
144
142
128
106
 89
 97
112
122
119
113
119
115
 98
 91
 94
 98
107
111
111
117
117
116
119
120
138
141
143
142
143
142
139
142
139
139
137
133
134
132
131
132
128
127
125
123
122
122
123
122
123
127
130
131
130
129
129
127
127
129
126
121
112
114
122
124
122
118
108
102
102
 96
100
110
117
127
128
137
142
145
148
150
143
137
134
133
133
135
134
134
134
131
129
127
124
124
160
182
187
189
174
119
105
112
124
129
136
125
 84
 64
 56
 52
 70
 79
 76
 66
 50
 59
159
141
148
156
149
142
142
142
148
147
144
146
144
128
110
 95
101
116
120
114
113
114
109
104
102
101
105
109
108
111
113
114
117
119
118
131
142
144
145
142
140
139
141
140
139
136
134
135
131
130
130
131
129
129
141
145
145
141
130
125
124
124
125
127
127
127
128
128
129
126
118
111
123
123
124
120
115
108
102
 99
 94
 96
105
119
125
128
134
142
142
142
146
146
140
136
133
135
134
133
132
132
129
127
126
123
128
136
171
184
189
187
158
107
113
122
132
120
 81
 69
 64
 59
 56
 71
 75
 72
 66
 46
 55
159
142
152
155
144
138
136
140
148
144
145
147
142
132
119
102
107
118
118
111
109
110
112
109
109
110
112
114
115
115
116
116
115
117
117
129
143
143
143
142
142
141
141
141
139
136
133
135
143
142
147
148
150
160
162
169
169
172
173
170
168
151
129
123
123
125
126
127
130
123
112
120
125
124
123
119
110
106
 99
 98
 96
 97
104
117
129
133
137
132
135
135
139
145
143
136
135
135
130
130
129
128
128
128
125
124
125
125
153
180
187
190
186
138
117
125
120
 77
 67
 67
 64
 63
 57
 69
 77
 71
 61
 51
 52
161
149
153
150
137
129
130
140
146
146
148
149
146
134
120
104
108
113
113
111
109
111
112
112
114
114
118
120
122
120
121
119
119
117
118
132
142
142
144
144
142
143
141
140
138
136
142
147
152
147
146
146
159
160
165
172
169
167
164
170
174
176
180
166
139
120
123
125
126
118
114
124
122
121
121
114
108
101
 99
100
 96
 96
107
117
136
137
132
133
138
131
137
143
142
133
130
132
128
127
126
126
128
123
125
124
124
122
129
166
183
191
195
179
131
121
 82
 65
 67
 69
 68
 64
 57
 58
 68
 70
 65
 53
 54
165
154
152
142
128
119
128
139
148
150
150
150
148
139
123
107
107
113
111
104
105
108
108
109
110
113
119
120
122
125
125
125
122
121
126
129
137
141
144
142
141
141
147
149
141
139
151
149
145
146
149
149
152
154
157
163
168
168
170
167
172
175
179
185
182
162
125
116
120
115
119
123
126
121
118
111
102
100
 99
101
 97
 99
106
119
144
142
132
129
139
139
138
132
136
129
131
129
128
128
127
126
125
123
124
121
122
123
126
145
175
189
198
202
162
 87
 67
 68
 70
 75
 75
 66
 54
 57
 66
 75
 65
 50
 61
167
155
147
137
116
106
125
138
149
152
150
152
149
141
127
109
103
108
110
113
108
105
106
108
109
112
115
119
122
125
124
126
127
124
128
125
124
144
141
141
163
158
151
140
134
138
143
141
137
146
139
147
151
156
157
165
160
166
170
170
175
177
179
181
182
186
177
139
114
104
117
120
121
117
113
108
103
101
100
 98
 95
 96
104
118
130
139
136
133
141
140
140
137
137
132
129
124
125
126
127
125
123
125
125
122
125
130
124
121
156
183
194
208
176
 64
 66
 67
 70
 76
 75
 69
 52
 50
 67
 71
 64
 53
 58
173
153
141
126
 98
 97
123
141
150
151
152
152
150
139
126
107
104
107
110
114
112
104
104
106
107
109
113
119
119
122
122
125
125
127
129
126
120
137
153
135
139
137
136
136
135
135
141
140
135
142
141
143
145
151
152
160
165
167
173
175
175
175
179
175
181
183
184
180
151
108
112
117
120
115
111
106
102
103
104
101
 97
 96
105
118
130
133
138
140
136
136
134
133
133
131
125
124
123
126
127
124
125
126
126
122
127
123
122
122
134
175
192
187
 87
 61
 66
 71
 74
 77
 76
 63
 46
 50
 68
 69
 65
 56
 53
171
145
134
110
 85
 95
121
141
154
153
152
151
149
139
129
110
103
108
111
117
116
105
102
105
107
111
113
117
117
118
122
124
125
125
127
123
111
137
150
128
135
137
135
138
135
139
140
137
136
142
138
140
142
149
157
163
166
168
169
172
175
175
180
179
179
183
184
179
175
164
128
109
108
105
104
101
100
 97
101
106
105
106
109
127
133
134
133
139
139
137
133
121
125
136
128
125
125
126
127
126
124
128
127
125
127
128
126
127
129
158
172
 98
 60
 65
 67
 69
 74
 75
 74
 62
 50
 56
 63
 70
 74
 64
 53
167
139
121
 92
 79
 97
123
143
155
154
151
151
148
142
133
107
100
109
115
119
114
104
102
104
107
111
112
115
118
120
121
124
123
125
126
119
109
143
133
134
131
129
134
137
138
140
138
141
143
138
137
141
143
145
152
158
162
164
171
174
176
179
181
181
181
183
180
178
173
176
180
126
104
 95
 96
 98
 98
 96
 97
 99
 95
 97
112
131
144
152
146
138
142
134
126
118
123
131
128
127
125
126
128
125
124
130
133
126
130
126
128
128
132
133
 76
 54
 61
 67
 71
 72
 73
 72
 67
 65
 54
 50
 63
 75
 82
 54
 66
159
133
105
 94
 81
 98
125
145
153
153
152
151
151
151
133
107
102
108
115
119
112
101
104
103
108
108
113
116
120
119
119
123
123
126
124
120
109
132
132
129
127
134
135
136
137
135
137
141
140
144
141
141
141
147
148
154
161
168
172
176
177
177
178
181
183
182
179
174
164
180
194
196
188
117
 85
 95
 95
 94
 94
 96
 92
 94
103
134
151
148
150
148
145
130
108
113
116
126
128
127
126
128
129
124
123
126
135
133
125
125
129
131
132
 93
 46
 51
 61
 68
 74
 77
 71
 69
 70
 67
 52
 49
 68
 87
 67
 59
 69
151
119
 92
 86
 84
100
127
146
153
152
153
150
154
151
133
107
102
108
114
118
108
104
105
107
107
110
114
116
118
118
121
126
124
125
123
118
111
105
127
129
131
137
132
138
135
135
135
137
138
140
140
137
143
144
150
151
162
171
174
175
174
177
177
179
176
175
180
187
183
189
195
196
197
180
 89
 84
 90
 91
 92
 94
 89
 90
111
132
146
142
147
151
147
127
100
 94
103
120
127
127
124
126
128
124
124
130
140
126
126
127
128
133
107
 49
 46
 59
 67
 73
 75
 74
 69
 70
 77
 62
 51
 48
 80
 87
 73
116
 69
137
101
 85
 88
 85
101
127
143
152
153
151
152
159
152
132
111
103
108
112
111
103
102
108
106
106
110
115
118
119
120
123
125
124
126
127
116
100
 97
115
130
136
137
140
136
136
132
136
138
144
142
144
139
143
141
147
153
163
169
174
176
179
175
170
167
179
193
192
186
178
185
189
189
189
189
150
 81
 84
 85
 90
 94
 90
 88
100
138
145
137
140
150
146
131
103
 73
 80
108
124
128
131
128
127
127
124
131
135
125
127
130
133
123
 56
 41
 42
 60
 68
 74
 75
 71
 68
 76
 71
 60
 53
 58
 84
 85
118
142
 71
114
 86
 89
 87
 87
104
128
140
149
152
150
158
164
153
134
110
101
106
107
105
102
104
107
106
105
110
114
117
119
120
123
124
127
125
129
105
 93
 96
111
129
132
136
134
132
131
134
139
142
144
140
145
143
143
147
144
151
160
164
171
171
166
159
178
193
193
191
188
186
179
179
188
187
181
184
187
133
 76
 79
 85
 89
 88
 86
104
142
145
134
143
150
146
133
105
 70
 64
 91
114
129
134
128
124
125
127
134
132
123
127
129
130
 79
 46
 42
 50
 67
 68
 74
 72
 69
 78
 74
 69
 69
 63
 65
 85
116
147
148
 69
 88
 87
 92
 89
 91
100
124
140
148
151
150
163
166
153
131
109
 99
100
103
103
100
102
105
105
107
110
114
118
122
120
123
124
124
126
124
 97
 98
 99
103
124
138
134
132
129
136
142
139
145
148
147
148
149
146
143
145
147
159
166
166
158
170
191
189
188
191
194
187
179
173
177
189
188
183
185
191
187
 96
 71
 76
 80
 85
 85
103
137
137
134
146
153
148
134
116
 67
 53
 77
100
123
129
130
127
124
127
134
130
126
130
134
103
 45
 47
 44
 56
 65
 70
 70
 68
 74
 81
 72
 73
 66
 67
 73
107
141
150
143
 89
 86
 88
 91
 92
 89
 99
123
137
147
148
158
167
167
154
132
108
 97
 96
102
104
104
103
105
106
109
109
113
116
122
119
121
123
125
129
121
 99
100
101
101
112
127
130
134
136
137
140
142
145
143
144
148
148
145
144
145
152
160
155
150
178
189
189
190
189
188
183
179
183
173
176
183
180
179
180
182
186
169
117
 73
 73
 82
 84
103
133
140
147
145
150
146
140
114
 71
 48
 63
 87
114
126
131
130
124
126
134
128
126
133
123
 57
 39
 40
 48
 58
 63
 69
 65
 71
 78
 69
 73
 74
 74
 68
 91
129
148
144
147
108
 90
 89
 92
 93
 90
 97
120
137
142
148
163
168
167
153
132
108
 90
 92
 98
101
101
103
104
107
107
109
114
117
119
120
121
124
127
122
111
 99
105
104
 99
103
115
133
136
142
144
141
144
149
147
146
148
142
140
142
145
148
147
155
184
182
185
186
188
184
182
181
180
181
175
175
185
181
182
180
181
185
186
188
134
 73
 76
 81
 99
125
140
146
149
140
147
139
115
 74
 57
 48
 65
 94
124
129
126
125
124
126
128
134
129
 79
 43
 40
 44
 50
 63
 71
 73
 64
 74
 71
 70
 73
 73
 73
 84
117
134
144
146
159
129
 94
 90
 92
 90
 87
 97
121
133
139
152
167
169
166
154
131
109
 86
 89
 98
 99
 97
105
103
103
105
108
114
116
119
123
121
122
143
114
107
 94
104
107
101
103
104
119
135
143
147
150
153
148
149
149
148
142
139
140
139
141
165
179
186
185
182
180
181
180
179
186
187
184
176
176
181
179
178
179
179
182
183
182
184
105
 66
 76
 98
120
140
140
143
137
150
140
120
 78
 55
 48
 50
 72
115
120
136
129
123
127
133
139
110
 49
 42
 45
 47
 53
 61
 77
 66
 72
 73
 68
 73
 74
 73
 84
123
127
127
136
153
159
131
 90
 91
 91
 90
 86
 95
118
129
143
162
169
170
167
154
131
106
 80
 88
 97
100
 96
100
102
101
104
108
112
116
118
118
117
131
146
111
108
100
102
104
106
106
110
110
122
138
147
152
145
145
146
147
145
139
133
132
150
174
177
177
179
179
181
180
174
178
184
186
186
184
179
175
180
179
178
175
174
175
181
183
188
175
 88
 70
 93
118
138
142
143
146
145
138
117
 79
 55
 50
 45
 64
 87
110
125
128
131
130
135
121
 68
 54
 43
 44
 50
 49
 69
 65
 64
 73
 70
 75
 74
 67
 78
122
137
126
126
142
150
154
129
 92
 88
 89
 86
 82
 90
114
136
161
170
169
169
169
155
134
103
 81
 88
 96
 94
 94
 97
100
101
105
108
109
115
117
115
111
168
133
112
102
 98
101
103
105
110
110
110
112
124
140
147
144
147
147
148
140
135
126
159
176
178
181
178
176
176
170
178
185
182
181
183
186
184
178
174
175
174
173
177
179
177
178
180
186
191
148
 66
 92
118
133
137
137
144
151
136
116
 80
 58
 51
 56
 48
 62
129
177
179
171
168
152
 80
 53
 49
 43
 50
 53
 64
 68
 60
 64
 68
 73
 76
 69
 71
114
145
132
122
136
143
143
146
120
 86
 87
 87
 86
 75
 86
120
151
165
171
170
171
167
153
134
103
 82
 86
 92
 95
 97
 97
 97
 96
102
104
107
110
111
110
114
185
120
111
102
101
107
105
109
110
111
111
114
120
118
134
137
148
143
130
129
141
168
171
181
173
167
175
175
173
177
179
183
182
182
181
181
182
174
168
174
176
175
174
176
177
178
179
181
191
181
 75
 87
118
129
138
144
149
148
131
113
 81
 55
 51
 56
 57
134
196
178
173
186
195
191
 74
 45
 47
 49
 51
 52
 67
 54
 57
 73
 70
 76
 74
 67
100
145
145
131
135
144
141
137
139
 88
 92
 87
 85
 83
 80
 98
134
155
168
172
171
171
166
155
134
102
 82
 89
 96
101
102
102
101
101
101
104
105
108
111
107
138
168
125
109
102
102
105
106
111
111
114
115
114
109
109
112
121
126
127
127
149
174
178
170
166
171
169
165
174
177
178
179
181
181
180
180
178
172
175
174
174
175
173
174
172
175
174
173
177
183
190
118
 83
115
130
134
143
153
145
131
112
 80
 53
 57
 66
156
182
173
194
196
190
192
199
136
 49
 50
 54
 51
 60
 52
 52
 71
 64
 71
 78
 71
 84
137
153
140
142
143
143
139
137
137
 73
 94
 81
 83
 85
 88
108
136
156
169
173
173
172
167
155
133
100
 83
 86
 97
104
108
107
105
108
105
108
110
113
116
109
173
165
114
109
 99
 99
105
101
110
113
122
113
109
106
114
115
114
104
103
141
166
175
164
163
170
171
174
175
169
178
180
176
176
178
177
170
176
175
173
169
173
171
172
173
173
176
176
176
177
177
185
177
103
112
125
133
135
144
146
131
111
 72
 52
 88
179
174
161
192
199
192
181
178
190
173
 47
 46
 52
 48
 57
 55
 75
 53
 62
 74
 73
 73
123
155
147
144
150
144
142
139
135
134
 68
 90
 85
 93
107
111
116
141
157
172
174
175
174
169
158
133
100
 83
 89
 98
104
106
108
108
108
111
112
114
116
118
111